solid torus
  facet normal 1 0 0
    outer loop
      vertex 2.5 0 0.5
      vertex 2.5 0.5 0
      vertex 2.5 0 -0.5
    endloop
  endfacet
  facet normal 1 0 0
    outer loop
      vertex 2.5 0 0.5
      vertex 2.5 0 -0.5
      vertex 2.5 -0.5 0
    endloop
  endfacet
  facet normal 0.866025 0.5 0
    outer loop
      vertex 2.165064 1.25 0.5
      vertex 2.165064 1.75 0
      vertex 2.165064 1.25 -0.5
    endloop
  endfacet
  facet normal 0.866025 0.5 0
    outer loop
      vertex 2.165064 1.25 0.5
      vertex 2.165064 1.25 -0.5
      vertex 2.165064 0.75 0
    endloop
  endfacet
  facet normal 0.5 0.866025 0
    outer loop
      vertex 1.25 2.165064 0.5
      vertex 1.25 2.165064 -0.5
      vertex 0.75 2.165064 0
    endloop
  endfacet
  facet normal 0.5 0.866025 0
    outer loop
      vertex 1.25 2.165064 0.5
      vertex 1.75 2.165064 0
      vertex 1.25 2.165064 -0.5
    endloop
  endfacet
  facet normal 0 1 0
    outer loop
      vertex 0 2.5 0.5
      vertex 0.5 2.5 0
      vertex 0 2.5 -0.5
    endloop
  endfacet
  facet normal 0 1 0
    outer loop
      vertex 0 2.5 0.5
      vertex 0 2.5 -0.5
      vertex -0.5 2.5 0
    endloop
  endfacet
  facet normal -0.5 0.866025 0
    outer loop
      vertex -1.25 2.165064 0.5
      vertex -0.75 2.165064 0
      vertex -1.25 2.165064 -0.5
    endloop
  endfacet
  facet normal -0.5 0.866025 0
    outer loop
      vertex -1.25 2.165064 0.5
      vertex -1.25 2.165064 -0.5
      vertex -1.75 2.165064 0
    endloop
  endfacet
  facet normal -0.866025 0.5 0
    outer loop
      vertex -2.165064 1.25 0.5
      vertex -2.165064 0.75 0
      vertex -2.165064 1.25 -0.5
    endloop
  endfacet
  facet normal -0.866025 0.5 0
    outer loop
      vertex -2.165064 1.25 0.5
      vertex -2.165064 1.25 -0.5
      vertex -2.165064 1.75 0
    endloop
  endfacet
  facet normal -1 0 0
    outer loop
      vertex -2.5 0 0.5
      vertex -2.5 -0.5 0
      vertex -2.5 0 -0.5
    endloop
  endfacet
  facet normal -1 0 0
    outer loop
      vertex -2.5 0 0.5
      vertex -2.5 0 -0.5
      vertex -2.5 0.5 0
    endloop
  endfacet
  facet normal -0.866025 -0.5 0
    outer loop
      vertex -2.165064 -1.25 0.5
      vertex -2.165064 -1.75 0
      vertex -2.165064 -1.25 -0.5
    endloop
  endfacet
  facet normal -0.866025 -0.5 0
    outer loop
      vertex -2.165064 -1.25 0.5
      vertex -2.165064 -1.25 -0.5
      vertex -2.165064 -0.75 0
    endloop
  endfacet
  facet normal -0.5 -0.866025 0
    outer loop
      vertex -1.25 -2.165064 0.5
      vertex -1.25 -2.165064 -0.5
      vertex -0.75 -2.165064 0
    endloop
  endfacet
  facet normal -0.5 -0.866025 0
    outer loop
      vertex -1.25 -2.165064 0.5
      vertex -1.75 -2.165064 0
      vertex -1.25 -2.165064 -0.5
    endloop
  endfacet
  facet normal 0 -1 0
    outer loop
      vertex 0 -2.5 0.5
      vertex 0 -2.5 -0.5
      vertex 0.5 -2.5 0
    endloop
  endfacet
  facet normal 0 -1 0
    outer loop
      vertex 0 -2.5 0.5
      vertex -0.5 -2.5 0
      vertex 0 -2.5 -0.5
    endloop
  endfacet
  facet normal 0.5 -0.866025 0
    outer loop
      vertex 1.25 -2.165064 0.5
      vertex 1.25 -2.165064 -0.5
      vertex 1.75 -2.165064 0
    endloop
  endfacet
  facet normal 0.5 -0.866025 0
    outer loop
      vertex 1.25 -2.165064 0.5
      vertex 0.75 -2.165064 0
      vertex 1.25 -2.165064 -0.5
    endloop
  endfacet
  facet normal 0.866025 -0.5 0
    outer loop
      vertex 2.165064 -1.25 0.5
      vertex 2.165064 -1.25 -0.5
      vertex 2.165064 -1.75 0
    endloop
  endfacet
  facet normal 0.866025 -0.5 0
    outer loop
      vertex 2.165064 -1.25 0.5
      vertex 2.165064 -0.75 0
      vertex 2.165064 -1.25 -0.5
    endloop
  endfacet
endsolid torus